1500 2 3 100 0
0.8489110320798748 0.17246540652134146
0.7123279046022878 4.042225904681057
2.8379748553973507 5.785067794704257
0.27514707817322204 0.8286722420660864
0.02740694674480304 4.064656240412532
2.1802512101030085 5.2013935360682115
0.9387084841987786 0.4788040211733686
0.4686982224832186 4.5789201981983245
2.475419486588606 5.693334958571204
0.23158087785566417 0.010075070946123255
0.4925601337916533 4.544967728235126
2.725991977233175 5.313002619965471
0.7562450061044592 0.18315993807590714
0.7441252797832959 4.205491287088822
2.2995643705786977 5.009216865166152
0.6206711583826411 0.5585175656336523
0.7319092040856381 4.7687313242185505
2.184751038251297 5.819202746128553
0.5518277151496708 0.11178899162045675
0.9777634449572118 4.702099322475464
2.086105721850137 5.252866115787627
0.12649391539804367 0.03437084884218444
0.03315327015049707 4.471565196997005
2.185981369863808 5.170018594184737
0.6308055794042068 0.6551857632201314
0.5578271378329599 4.088035240861367
2.7429636575423957 5.605655071471954
0.7240892531913053 0.576565759656784
0.26562106792026885 4.348439779137048
2.490975456869833 5.045956801111711
0.12161902762876065 0.5948670362239369
0.5234365088811976 4.92112760206921
2.679959404646854 5.334546691096233
0.0846279156278521 0.49556319352339684
0.4720158606573286 4.349154938111089
2.6310531859173993 5.179666351675133
0.009420380457759725 0.18688839835023074
0.22364058877038373 4.906876929267033
2.885867556815672 5.807836279151573
0.26586931575909123 0.9420396255974046
0.31154627218162334 4.090171270354699
2.3662612878562745 5.285740445186145
0.7195423720989597 0.7727566450570839
0.4926977711135416 4.2571418234049485
2.2449307124251927 5.703166182893506
0.9345913094761805 0.8845949088862913
0.4829647890017368 4.315476420838905
2.0003892052792787 5.068888978217339
0.434627616159158 0.630304948685689
0.13851377261818254 4.460580622525739
2.077336876880674 5.697112445222784
0.3809576199937774 0.6236528049120891
0.581672002112822 4.280331056319792
2.0596532635763842 5.0129766228527615
0.9148286594237002 0.2672289043059327
0.9168435843853621 4.722835712402564
2.7754241914312017 5.427404564140719
0.5195448444823001 0.28731922479636807
0.9355185144254896 4.45054391245318
2.8731470767745355 5.910562659636735
0.5140044829394509 0.382703011398008
0.4853658036290275 4.199476874695698
2.220825906870877 5.85695224883663
0.5144151337187991 0.9393932876859752
0.22770056807080985 4.52478999610426
2.650840555588069 5.177424647502596
0.7826547327604019 0.9158516864072485
0.02848720743925892 4.547925406756409
2.1810126241791314 5.7314788037730295
0.7592942087252211 0.9939755620682972
0.30187748573588713 4.340185323998851
2.371702400025073 5.295824220097025
0.14139968578629447 0.9992836412895075
0.4590552043456727 4.869261108418887
2.3567670547658794 5.230731575387972
0.34007459128546136 0.40614161306460916
0.17714499967857145 4.367523693017216
2.373540981326998 5.129152297511957
0.4654521655668059 0.05324154388541136
0.09796356596429157 4.707404984015685
2.3581114650946855 5.046997737387151
0.45750684265564845 0.748325113883153
0.9435190889767021 4.0007387323659245
2.535122417327842 5.541945431629475
0.9468928718845944 0.5862596387661557
0.9057268066907435 4.425713533273461
2.707058289643246 5.78340364538973
0.712632269814702 0.27252394780350886
0.30624425753977347 4.351536902807959
2.578438015198034 5.444959139465043
0.3020547825368225 0.18710684886548135
0.024638594766824617 4.76625650111785
2.275413093479968 5.504720204302363
0.6147823288090154 0.9817174962933096
0.14556819476115868 4.171179345815303
2.592960790523089 5.414518588724899
0.4968496815329396 0.4550406659828491
0.9231547729509211 4.360192314094554
2.1858533320956157 5.413301630762923
0.811643207737628 0.837994603275367
0.96504721230676 4.834983433240879
2.018257942678377 5.495271237797898
0.16723508786146857 0.8566882270394566
0.5803139661729825 4.705101361688425
2.216989842834793 5.636034239496321
0.8268658994760759 0.13296322974981734
0.12962489708992253 4.2358622549825
2.193820403771379 5.325756339336749
0.7768119011320773 0.9670058489304882
0.40261683034792917 4.356554669601915
2.0836335483000985 5.3054726958805745
0.6260601446038024 0.1286801881415537
0.9178579546065602 4.682604526825105
2.856540442402842 5.2436591432674255
0.6028082560583573 0.5531963960660038
0.46210866730302036 4.792586934904723
2.7141206624338365 5.145400646412916
0.8528851222192929 0.15576642026921828
0.23503427384306963 4.27911954062089
2.510254806835646 5.461578725310922
0.5512670839295535 0.3397971461199065
0.7494601411172287 4.6258378622170895
2.376115108739861 5.650386096538928
0.8872086733664254 0.12754170031218304
0.4172094183867866 4.451961492436638
2.527390485571612 5.509364945657725
0.24983235989976815 0.8517320347425097
0.7708789136896135 4.778426441056486
2.542955708330013 5.885038101464834
0.45347936040682135 0.2837564732712258
0.527295262028341 4.1544882245672365
2.5057676518457797 5.50908615552753
0.6684259750305496 0.7249052726570321
0.9602385748414882 4.962630214900706
2.1284102977970267 5.289986436868536
0.4491478533078701 0.5863515007595897
0.46388954529366455 4.190498376540588
2.8800540070992566 5.6953420848852705
0.4440145405427457 0.20247692921625582
0.27918479644018857 4.115539711725592
2.3761714907661435 5.7431293768934735
0.2636926258520268 0.671177259203288
0.5600753857471394 4.022455425614645
2.5804946030580087 5.957590584051867
0.48788752889149345 0.5405726970219756
0.9629680827324127 4.557076323458767
2.287989251551826 5.988694011888816
0.11998435581287414 0.24907307443325766
0.6955228235570866 4.11689470334476
2.100328263480706 5.555054056478587
0.7289481076450975 0.6906448928128921
0.18296136150655562 4.810202410513038
2.2385897087187767 5.864966807565424
0.3516337549362816 0.28499298867444
0.8994887965414368 4.465699386595122
2.6931990789557854 5.094903248858754
0.12262337086275443 0.049712085247604065
0.8618133523202094 4.714591836147346
2.32308253499715 5.534093003092733
0.2506428721021341 0.8869241296174348
0.8615257673846413 4.165830117544627
2.480568297218449 5.403974973647956
0.7170842336792579 0.7670737420126313
0.22112790700744855 4.451042284616955
2.5126371480583773 5.458334641470692
0.5014025008517836 0.4933720327173604
0.26540251185075725 4.525435742783008
2.7636037240007645 5.508275122016508
0.26570125548837653 0.08804753361269568
0.11295325398707134 4.0944131466684865
2.333206803993089 5.631237807352491
0.9670365777113664 0.06538163930816265
0.00880960184281665 4.220614607445012
2.898518364482025 5.214285850762546
0.13050656772771752 0.09440113838836994
0.3207972412140676 4.218830851401644
2.207720242906972 5.75484638586891
0.28026837770982793 0.250700569438845
0.2645760801080249 4.980473597390528
2.4022105900714132 5.964638862186522
0.21345918099035033 0.6307042120069236
0.5732328212282781 4.5921611279888594
2.350821562647658 5.25730158255098
0.8426339279857085 0.5330017219286705
0.4722657643023652 4.960903233312215
2.4953169142154707 5.402300292234323
0.3476033560645183 0.4744121639156631
0.26504399796737643 4.329319065556106
2.751677221375127 5.854269263530737
0.001442829209095886 0.9126154025262956
0.5559061389697723 4.124809384098689
2.4884933923094583 5.517417957070009
0.4428492481731642 0.056074375330441684
0.31248736347436035 4.026498164756532
2.645701448403769 5.483963613676628
0.47704827609359957 0.5087510314308236
0.32204604948640336 4.786362800430453
2.020261616537571 5.695019300679394
0.3325622118783367 0.3092517516620459
0.4357291980400222 4.039742501570536
2.459635688631758 5.386131607025072
0.7743121355362024 0.18323397427275878
0.7667067370970116 4.024299569762644
2.6453503046034235 5.209729528266897
0.942886875791788 0.9579609096609043
0.920432636128913 4.888726218449474
2.9810926746575963 5.501324803811215
0.6360723132304277 0.2742144996314164
0.5935664065148296 4.048109318993344
2.09565174193463 5.147359726736306
0.6347123758755714 0.41349724868186977
0.44480969678840265 4.231083268185519
2.8511375925025098 5.005646695210413
0.3208072474856364 0.6563371291198041
0.6790656839416526 4.3617187725749424
2.9452258720057416 5.032635593616312
0.5982384791585011 0.9245073770992016
0.651484835101614 4.428053214298873
2.2050183835985604 5.025791670658812
0.8898404752799336 0.15059866992177773
0.046315076171609126 4.611906350441248
2.119634342442466 5.802075845737852
0.5866269161976427 0.4322074281906798
0.7317880730605567 4.859056898512815
2.0526059070534552 5.131220303075494
0.23904472106116026 0.4750808378890288
0.40600362788836664 4.471116635513221
2.722361124594015 5.706080699600441
0.34349573331296035 0.05573128860744814
0.8324498656200028 4.359240746067223
2.7176806784259124 5.611430117079435
0.44016433082070305 0.8642233437369141
0.893515704737063 4.681735414609182
2.1904719984914687 5.2570459161174234
0.9903211015487197 0.08409331891198446
0.8095279492137153 4.377460973731493
2.5358173665420427 5.600763214377948
0.23931503277917787 0.8823813702715336
0.7339686364629746 4.008472369234537
2.8271169938866154 5.385385257010614
0.5334369776585498 0.432086546636262
0.4722129606405897 4.726621822265908
2.3187300042185037 5.131022694492468
0.44783861031556693 0.1937373560020471
0.7037275367947292 4.6145045837951715
2.3007403024333164 5.0013859928438285
0.7673218540564603 0.28564237429218686
0.19556571426281943 4.821072370323328
2.382832906605291 5.058594006013932
0.08508709392947633 0.6648162092726771
0.7008698593239675 4.939334437572193
2.645693645085702 5.3512063178938805
0.7604622933244255 0.015120338086518914
0.4299788589774566 4.220170743649332
2.18966235603657 5.479176445480438
0.9362009780074707 0.5764428692205653
0.01718301802180744 4.858846960408177
2.071140260113567 5.627076775311823
0.3456291913274755 0.2468356422973358
0.38840707730974844 4.061987978236873
2.0070046120694096 5.408393638745349
0.21177640342866866 0.49977808212360375
0.002659433828297586 4.225760603493545
2.3416997509749216 5.55109076933262
0.6066464146475333 0.6798684295814776
0.8823433802089823 4.505652018447068
2.1225331371858736 5.081359265396367
0.27097333196988804 0.31451754529437237
0.7441828674053467 4.422277452575019
2.922538395103905 5.763521840230889
0.671822515821362 0.6296809816489085
0.9456401975097816 4.815923379048016
2.6062585661188686 5.833834249158934
0.7491172522737616 0.3422372437817538
0.776307809287544 4.075695758332327
2.3180697203812812 5.8157902232953855
0.5082014125862919 0.8763202140763053
0.3261695315850732 4.4698051832457555
2.640640536386347 5.999648811186
0.9222320809179232 0.2989770336548183
0.864169009010348 4.434544611667009
2.312161648094596 5.002473098303614
0.8677394522060711 0.6463718535749975
0.23294438268417705 4.767851100526242
2.5097288780330036 5.361648899630604
0.9429749681193299 0.4492984732946391
0.24586187100760826 4.21001487118909
2.3263735471941756 5.4074359587693195
0.3930604295818737 0.9716804204135027
0.677281014801828 4.255442995618999
2.9708203574421255 5.129575023244217
0.42037717392000695 0.5749467300957424
0.001741868303705374 4.682420457505508
2.626628330284044 5.209734813603011
0.6320017067125634 0.8745478593013796
0.4774558472643783 4.453041051147287
2.9813461561130783 5.587087730997723
0.32637129664096576 0.7666651427165034
0.8081294887917047 4.422013684658861
2.964799736160608 5.93239761502091
0.4569787531825712 0.758218376182851
0.7287142511613194 4.90333975724784
2.484786186410832 5.503344621650708
0.518717759911529 0.5609147644987102
0.5779760161043823 4.468538694285494
2.351142562591553 5.464373324212239
0.9642489513757259 0.09060769935126711
0.11270791631567956 4.54409533760507
2.2939918486064514 5.83800386910942
0.34517462343847993 0.23192771462353368
0.5461768780215788 4.987951619290699
2.790647586151241 5.708647643262951
0.16542655700803877 0.5044789169226778
0.6569016127587144 4.158948270456832
2.963859190718561 5.386050306058298
0.705001473069097 0.3829695472514836
0.710439113975449 4.070444514184069
2.720559094272538 5.9347191483309025
0.0064692385588071 0.9183968837576765
0.2507163078876141 4.7638768494730765
2.47111769964932 5.740143163962312
0.24330000097486282 0.2948284130369133
0.02513785079685149 4.473851626216026
2.0887717244918935 5.469279332492997
0.2925835955068581 0.05905389896526014
0.32636397538528006 4.573005044240698
2.0493813406506916 5.93957551277043
0.08443940223209834 0.7866504978633464
0.3810423665770156 4.3563851577908865
2.8931005154271494 5.3571042173462455
0.5750773874018167 0.14694908283220198
0.34171728107258503 4.946097593526165
2.3919368559970184 5.707468925389376
0.2638289990364787 0.8198472598043823
0.2298827985844486 4.775046008607717
2.5332964898989117 5.602118766344086
0.5985238217728079 0.20125409181382936
0.9264599671210193 4.684571159866419
2.589226996430202 5.189319154231316
0.574407724232672 0.4566721200448862
0.6121355741952421 4.7302782663776615
2.1344512522315418 5.247926316081647
0.6779757308385033 0.6211822142505339
0.3653281543572259 4.292406749469215
2.264022788076842 5.651480463368431
0.0543877627706979 0.5011852047136444
0.5543892971949766 4.743771319741148
2.109022598722316 5.022846686816237
0.9693103586809981 0.27777801999202223
0.3697560530059353 4.083556561513289
2.407885315077637 5.162642079503992
0.826420409752603 0.7198884742847119
0.6840404166621171 4.2276807729194354
2.7289838256752015 5.717040672847001
0.48335872441162453 0.9242021255347612
0.04950052196290733 4.8320824592741
2.005620528422459 5.40266151704315
0.9754085405047973 0.6797103894972657
0.06396994605821182 4.86257319471511
2.1647376003250756 5.166567001864437
0.12070736716675501 0.863728176419047
0.8975590236622739 4.850358988328093
2.4173338512125104 5.15570638739361
0.697877035586016 0.7864179878031957
0.13844618068858638 4.455697474073656
2.8468096590551237 5.966768532345197
0.3575308276173138 0.7409613516549243
0.45789922519904847 4.486679023961825
2.4206901273709627 5.568351648789579
0.08820730499290974 0.6631617299636938
0.23945501353342802 4.588645498201626
2.3431944388367554 5.035564809672433
0.9870319273261309 0.6542687156349402
0.5804623325504898 4.235909299034082
2.9062663594195848 5.867212876267347
0.8410773553127111 0.7767734311474154
0.8152830611625511 4.024012507482121
2.287693064349077 5.265889821934725
0.6896833336090353 0.7460693320196619
0.13954008372198312 4.930412735690208
2.2356675622311455 5.029087862956049
0.5853355481686819 0.15029936879297578
0.8099678650425766 4.485530359059904
2.649896941446561 5.56373086196355
0.3413870125814499 0.9931001322706396
0.9562784305038463 4.537945920027127
2.608228887782583 5.3811459797306265
0.35347295244214827 0.43553521429606323
0.6255442917321394 4.5905181614921355
2.9920649586118166 5.557896891351052
0.7944527083466312 0.6946408802177683
0.23631981637835953 4.3761244390897165
2.8644206729698776 5.464192819287767
0.5322177689280772 0.053746227704437266
0.08268820801499477 4.739263163926204
2.91577232923898 5.297698005265212
0.05029394789164998 0.6823952288576364
0.026881810044280696 4.797827795778226
2.5187093275393906 5.815899477292479
0.11993312066440887 0.48676081323138143
0.41533664444325813 4.949304672689607
2.2475094945784 5.827415183748104
0.5321894956514102 0.7403867040380895
0.9266097281019757 4.674827306699545
2.871859934463694 5.286985087765424
0.38120887284929117 0.4546450661654097
0.11782396663104622 4.936423303659802
2.5889009525181486 5.078900144350244
0.7061062532738548 0.25728854300411363
0.2606745962322179 4.539768415588637
2.223282243140326 5.503479432990218
0.8044591114850581 0.1776388690230979
0.8763792904476222 4.661208870631501
2.654571713303177 5.079729256932377
0.9441867501149381 0.16321524259004183
0.7790603553940418 4.650644395119014
2.8854624159053923 5.184857930053388
0.4116408801706216 0.924285050240761
0.9748779222876034 4.669796963726636
2.2173317015025287 5.937100117787756
0.30060818151976054 0.1962144149468933
0.44091028822095457 4.9137026923898395
2.5788262193706424 5.344880120941196
0.3507817311929595 0.9022082747422765
0.7711093280475204 4.361383416969603
2.944674889491774 5.755080339920806
0.932095553117522 0.7618911860080493
0.12748968281683082 4.767700429845442
2.6623558155960025 5.700978303627013
0.11428556893793196 0.36169758838729515
0.2235480205431385 4.539528158191804
2.195365035731743 5.173610742774783
0.8041952077752997 0.9538605117412002
0.04076206864005527 4.575486905045246
2.4612966159006113 5.076216743034486
0.4539142316433268 0.8779110301244749
0.1576140553288381 4.580971115913543
2.705364054426556 5.450718838407528
0.18049226117397055 0.762451019019507
0.4442510796168869 4.839606916719856
2.1792772759638614 5.207565573919776
0.926466244104044 0.3738989612702587
0.560155392108831 4.918740026954546
2.2213856981475697 5.5568995327981945
0.7805144189852397 0.23667242063553373
0.26623140970052295 4.616993759648403
2.8018388653917436 5.021340715467689
0.9663363690782028 0.7136417632493706
0.6168337568151657 4.023520557013296
2.6800241301682814 5.601133739524634
0.40939412193334723 0.2354383207673384
0.47620321906881724 4.299767975017731
2.9424928146858673 5.623320726259532
0.5678376933645858 0.07589137609239738
0.07876229310257532 4.456137745841888
2.6374702910558874 5.772637745037705
0.877302608030809 0.5665607350355335
0.5609574928696986 4.79349056574835
2.7256958024194615 5.570181613586127
0.11378560378173919 0.29485617664256036
0.5964153646117453 4.857454095863656
2.1218151704915025 5.293381062676428
0.0007286025780983696 0.6372534718558928
0.3961169097991727 4.00309198222911
2.334837534608865 5.1578155849050145
0.36245273252017596 0.6893344885826239
0.6640123789591778 4.194295613970251
2.1735913410404555 5.108310549685023
0.095520495739711 0.2542035836954879
0.49576046880110736 4.432262392710461
2.317173952080632 5.710641458966691
0.8984985575981802 0.6848647187728591
0.2607386416118782 4.784978912670834
2.098526337836549 5.989550311181095
0.2475090366815461 0.9802219809310587
0.5683251180146781 4.103320217252194
2.5569747590843503 5.695384394565217
0.3618573456035953 0.6651782195505372
0.6248443256949993 4.198128764165706
2.605475811069973 5.272397062332891
0.8289326256854788 0.4766655123689736
0.863576710097255 4.931510842743137
2.29126233317476 5.437636188127546
0.6608207447586771 0.9594584459656593
0.22983583690846332 4.004494682326667
2.390126720362554 5.644213902567836
0.5621768409982348 0.07068452604157083
0.42311654030421675 4.245554204849592
2.684804039104601 5.7984490888772715
0.3787883416682454 0.7451393473051962
0.2717613040100516 4.43731100526309
2.0265600416468263 5.611908778352184
0.7287414098135746 0.7073027976276561
0.8958837881764466 4.261927153900934
2.5277993790457325 5.319172923402368
0.7058157383705279 0.021739606677134038
0.2923892772747012 4.8185941700576445
2.0946283923814106 5.724859881055625
0.1040527835491788 0.9734398207769582
0.5806198448031477 4.1131726649670775
2.0815292997174195 5.821836579836133
0.6370830417035183 0.5383573773212976
0.48277210818994076 4.077146914985898
2.9085983794709453 5.3451503021960765
0.21230229945401757 0.9343964480224475
0.6077865779973538 4.1879988516808755
2.11552499565174 5.942199936413501
0.41669817783496377 0.21264636356309474
0.7087597683165037 4.053704046456121
2.4767579646797557 5.390460035823585
0.4159666103732558 0.09307209345054734
0.3733736868963623 4.100810074734259
2.7509941534023095 5.7976355946661045
0.4379091167463284 0.8533761466983754
0.9048226213933949 4.495798854286913
2.315505292702066 5.944158291814506
0.8044488535143204 0.2320436254859225
0.25546168375437717 4.75192809258345
2.870477274721572 5.490029312835665
0.15703777176503497 0.33006018475011156
0.7769104468098443 4.912026830396539
2.0304530798516502 5.51169389407786
0.11128655393159714 0.4833458782747222
0.45365470207682 4.3491944239746125
2.160476316452758 5.205809309407144
0.204453683746053 0.7804945208013394
0.06173904925363205 4.322005430578576
2.675188488439504 5.787752208867108
0.5039856404948346 0.6358657111856447
0.12393476974806095 4.786779868093311
2.5046116324994925 5.913480357555613
0.6399004644156695 0.1791037588042249
0.9668842238955835 4.966949260567755
2.2911149670948547 5.585534921067297
0.058999536246867934 0.9324723628430314
0.12453903491955487 4.668739967401626
2.0123052292172092 5.303540351316447
0.7754736051859277 0.0002925034341926258
0.3433806235364477 4.602784588401292
2.5676551116939317 5.769634723119428
0.5507640778847881 0.050674186659650844
0.9900059089456881 4.77978227124826
2.57994665374469 5.856240537612345
0.17086968913105172 0.6227841846050366
0.19954252692103236 4.332021119155684
2.2623020288020412 5.215177835904092
0.41082173839941005 0.8032815969227097
0.12846246100145586 4.551874664431527
2.9033846106239816 5.809932463891807
0.9739987786668156 0.2868261337050664
0.5833897701020645 4.9147531035442595
2.1257503049751687 5.428141718355489
0.46993396833995993 0.20713514940224975
0.9533362735539074 4.417092918470743
2.111566675103551 5.586487792217578
0.620666728308305 0.9940080684585534
0.45181976409488156 4.33437976430241
2.1451365534011106 5.289476989416007
0.8805513093397997 0.5721194926361657
0.9802771009812463 4.971596900021444
2.130730843693635 5.925087689598657
0.866508349273788 0.4969235869444405
0.2615383820834146 4.485068656331271
2.773797862745956 5.818178060970139
0.3158242490871298 0.09464913412176501
0.5926536289588561 4.135196245356754
2.065408675804 5.80262657402023
0.2085942626943572 0.52945583516802
0.2406533118198917 4.0563075504607955
2.8183116308205425 5.61932569663676
0.5248672244580714 0.9628692978667794
0.5533971835924311 4.884237768393381
2.9784158247738146 5.248998824118561
0.7673914639211561 0.6827201260615052
0.460971813920391 4.627922383108937
2.8039999445764354 5.367587234850414
0.5573683871527743 0.809792190311294
0.6271260419239528 4.548046776428394
2.70928656453205 5.4868207844504155
0.9732777570673359 0.8043863587203247
0.8504355128808212 4.124656666808477
2.391822802674943 5.132597145583222
0.7221026347619012 0.4556080519684219
0.9215907220365324 4.3769398022237676
2.8094751794527935 5.710331908875337
0.4944396637274101 0.4780854882382719
0.39032645807037214 4.37616525764427
2.8156711067187534 5.404415847055157
0.2468988471649214 0.6172935093520595
0.09480515693582559 4.36733398119123
2.472208957982972 5.990490445966956
0.4648214905646595 0.24585317735398182
0.7666382810977012 4.678231251464009
2.4504788909959636 5.141496288683015
0.5245868282947149 0.16704504348271954
0.8151325421188647 4.701399797263288
2.138857480299383 5.623804569681276
0.6161476446889327 0.5169423796458602
0.23985135086513443 4.85417925168136
2.839600063984541 5.241695734480492
0.9211634280389671 0.6119837520693521
0.5890064423277891 4.780482903027709
2.079722412272126 5.597161301285892
0.6774004091673685 0.5346686238329525
0.7291320261937134 4.891524328094969
2.46160346568385 5.9359802106131685
0.38851921528335176 0.5283404952423503
0.42113393487056006 4.974444941055823
2.135602021590111 5.24863398241676
0.9972770805973297 0.8523309283668362
0.287152293434905 4.646360568137422
2.6362157653345157 5.202275198535184
0.22347336229084414 0.5241936743604774
0.7905558385836255 4.253455568171303
2.763419059627308 5.735453964787242
0.769059088349861 0.1575772065441059
0.7342694972520996 4.06263058876662
2.473735915626274 5.5230724340384265
0.8495412533814631 0.7775527131106584
0.21394091087361433 4.110820989365889
2.688465428276051 5.616706967481471
0.8547093803046489 0.6893579158386405
0.9051663691742522 4.711731206458859
2.790816057672766 5.8436583908227195
0.10226267396581845 0.5061413563778572
0.853910511645801 4.705877576759864
2.9642833181208577 5.063052022710855
0.403276635361859 0.7732005789673122
0.19081663810466298 4.510130233721084
2.2468841907772497 5.205186705792909
0.260469880209812 0.7579441709631924
0.728046442842781 4.515042812837665
2.334908247555549 5.208748974405887
0.05372893263701217 0.030863369761824577
0.9337275577717977 4.859653722696303
2.630470194571676 5.919881204825496
0.3853622862637829 0.3785025209384836
0.8437343672079052 4.125602681413827
2.2155944693928076 5.152280925821567
0.38624836426069686 0.4247255091982284
0.616676864396635 4.585742105343874
2.4524231838149957 5.087975835373673
0.13267505213976183 0.2667437678723128
0.4916928124439479 4.385530608578312
2.168511040991913 5.430387617764574
0.3665361290035827 0.293513520760335
0.8233815459645247 4.138982311777823
2.711003922566215 5.704239479415812
0.9141898690183764 0.28083059785817865
0.20486429840043108 4.362229180197026
2.938948096327625 5.453708682299891
0.2755693946807435 0.8179635668855415
0.929411874315088 4.2313788629288736
2.07701065762459 5.844756776192023
0.1402442386556877 0.8803750850330131
0.2176511771025682 4.118785513338233
2.7029574493947717 5.432873644158332
0.21891142498375826 0.18426736502170693
0.242503136411356 4.403001663072474
2.3737278009750904 5.072416374294963
0.10605158792013614 0.917782940467565
0.13063647326126138 4.82841372920163
2.6670005931364558 5.042759160362043
0.9929454652903326 0.38582443905057107
0.9739502397526065 4.055657541741102
2.850718503606483 5.004975185346354
0.43557934159298783 0.6417940863177711
0.9766042626546692 4.000360864727992
2.5793643372408246 5.5695090205447855
0.7193246115626295 0.0945733692125742
0.3105818825441238 4.77964443782263
2.556305381495 5.938693286998308
0.047856995582997275 0.5883214819869721
0.7578709515489319 4.591040897565674
2.500840373607355 5.064302109762626
0.33897508819288613 0.2195050720676669
0.8854965932994247 4.168049187937713
2.6185843117866936 5.0131279092695165
0.0456096014217694 0.036024534594150004
0.5058883287330529 4.6238362283295285
2.8995428823637854 5.477368658275703
0.11643190473913156 0.8530762505844302
0.17843519015629594 4.655704036091357
2.332358614551613 5.97778954227747
0.6877414533992624 0.9676236303180267
0.3189962240368681 4.497658807840734
2.6328997325703667 5.838241201768289
0.9182095811738614 0.81273054833235
0.40564789067563134 4.904506173292703
2.2904236182448905 5.200715249038092
0.9870696885014176 0.15366104497425925
0.4565742278395011 4.077234067323735
2.7424269321300727 5.691708383043898
0.22847585551670624 0.2545442551989101
0.18801539391893418 4.752383857672605
2.000787636582308 5.392789334489257
0.3051762299606643 0.7116043570060224
0.7142865964579103 4.961597438228994
2.0694636897277543 5.815673273802707
0.8381189432270252 0.890414210442475
0.2947392191201831 4.044953878187575
2.812414236814538 5.879107086100928
0.025904422625430468 0.6465543655685464
0.15757200242230007 4.76506660516122
2.073503518478216 5.799928902471172
0.3291577853712402 0.913000127703871
0.8617036534493865 4.789389957937531
2.678902006550256 5.089488794166408
0.17997717053578455 0.3470506909933906
0.27560056589338133 4.681027143788052
2.403945692973429 5.115533525117502
0.9276637258277134 0.4030586168568603
0.720208143491882 4.858187545732239
2.813486260711909 5.630122181107341
0.8918315320297694 0.9032474159095953
0.6946707687251161 4.773545483864701
2.6494885112842246 5.309358335368158
0.34941669926108576 0.555760119388533
0.578189716860294 4.322992966021194
2.499834425407185 5.04974194721754
0.29783702581540294 0.6705390759541479
0.7225798895943307 4.53153192791485
2.3406091250290415 5.8894580606268825
0.4748427937085151 0.843402462011424
0.17821084026635048 4.9414719839034325
2.344227368253856 5.0253410489307555
0.9770432100002607 0.9185076099617481
0.0794310283336549 4.925858371607864
2.5200779543805663 5.317752001526746
0.6526946965722594 0.40771903322514713
0.7000093415166402 4.921366373836259
2.127907933378158 5.814582672762519
0.09918757373311915 0.12425291190176846
0.5810161483418402 4.524397533773879
2.7792904423139033 5.947148575551609
0.019202262065373676 0.2132316506349431
0.697641950976965 4.85452223930868
2.59444153719436 5.0161486337067185
0.3088242904912246 0.11816792086237382
0.7596661542021959 4.3896937457885326
2.852242957868225 5.330818333866862
0.3850415398523759 0.44648886946244315
0.9957167726644092 4.167664851644728
2.4751647696116716 5.024526035765742
0.7102698304721846 0.6521121792694468
0.7491696480636206 4.6863797186292615
2.665550647117711 5.402504239602006
0.5702959640691084 0.7520448915344485
0.44835837443421744 4.932244392280084
2.973698647857488 5.753403774225889
0.65254256443786 0.23566218642343106
0.48315778310451196 4.9522939267331765
2.5040783280129224 5.154718327804805
0.26332284400704686 0.709988750873533
0.6606342021251462 4.243635655239765
2.4296671791743307 5.157930098740406
0.4737773766384554 0.7086876972661282
0.9466861580780921 4.76295813527241
2.972812365438126 5.514645814900423
0.07492345473570727 0.883430764819195
0.6671866680230211 4.629769934685228
2.5545421255705705 5.440096103924294
0.9037488013008943 0.9473508998038572
0.49058768728657076 4.596552353755572
2.179079276139083 5.769286443189069
0.23286098442277936 0.7842378039348769
0.6240280788617325 4.0288874463942514
2.5582972723623696 5.783718393159499
0.7352753055101553 0.22917687160819944
0.9494829116567987 4.685940797251968
2.931605341161071 5.156761452104188
0.5926916401975485 0.6978322764522173
0.8775432992071517 4.955993778340356
2.7469036757343908 5.337807463479549
0.9987580855420612 0.7769653861346265
0.19508736246028058 4.330391867883103
2.601211628351966 5.909581827969946
0.11541572461286209 0.8205903968648154
0.6066658651899184 4.7206104110000515
2.7125606811262757 5.851781333779327
0.17718368267402584 0.6067769703310484
0.372528096274766 4.766524196315698
2.930293099298598 5.469647218436221
0.43430689910067766 0.6390771907708332
0.5080695280154547 4.800881865234606
2.1240734037636164 5.550671271715217
0.70322171807171 0.9116004110536237
0.5438484542611731 4.645960998534232
2.102377594462987 5.386923079115029
0.3920318720393702 0.7865145141496095
0.7219927380611416 4.442996951231821
2.0022765241979807 5.603059126700618
0.6798345948467881 0.09039044810433994
0.26937161752803673 4.380444529071201
2.7694065527288503 5.972537856229756
0.9690769246744608 0.1874825142108063
0.6631667588811084 4.983289126209122
2.5251679431841794 5.890287616974236
0.994352519119542 0.7029091237419881
0.12609057474103813 4.679289517573642
2.8052554025812158 5.430983080013506
0.5253565117173388 0.08282100727580544
0.2670771107516908 4.8868089844857865
2.678552912564766 5.998087050004749
0.3124294542216819 0.3910961350908069
0.2279874812429471 4.789135231741567
2.9888703217989874 5.495208506175203
0.038961673822414 0.04385397119870571
0.5681529536607551 4.015517572067231
2.317757676767375 5.4355590909982565
0.05624168081793768 0.9407012385111109
0.06501629505261175 4.657213433261051
2.4492491146786515 5.404734627808816
0.20699250713544293 0.2242959225175809
0.10650158332320281 4.011095468751003
2.7648353826990193 5.6064872871675
0.891932389740477 0.4497992915102168
0.6915755830732946 4.209909856705234
2.192009220404932 5.031766688499759
0.9751893718637923 0.9476484398763754
0.6481452304661875 4.604902670800093
2.595757340026502 5.482479187230782
0.13487922128444285 0.9665480358571845
0.25022152646941376 4.933530372491718
2.8680894671312096 5.006654608333283
0.018748077830775367 0.12972464657598148
0.3149144198770689 4.031573613743783
2.197568047675688 5.109748241165168
0.08999822958715353 0.6321875034438464
0.8995869710152669 4.786943307777148
2.988496582977708 5.549038151445955
0.6322088725392332 0.05800236538341297
0.5136365442701221 4.05265985924457
2.303503168984122 5.140370538559328
0.016810138316705747 0.5920989269388702
0.3655613544240326 4.19924241429392
2.194343835241214 5.297157912614233
0.19536323391334154 0.6087840886051518
0.613592952371345 4.837314495670448
2.2813849066214944 5.359813330372424
0.1954408812250774 0.3836675509112619
0.17090141070970322 4.102046656683791
2.5458971786019164 5.5864992100285225
0.8882792241170807 0.8469882934963702
0.21936382931167864 4.461696354280245
2.083147228981698 5.716115674918037
0.12858419839693236 0.38897651042382186
0.25266499887664506 4.733418513330999
2.534335396891951 5.028895221305455
0.22727371437775468 0.14636515386992743
0.8289167717218554 4.864393835642517
2.925664289293534 5.6709103088738075
0.2321085913422719 0.8316216231651858
0.3200541619056133 4.382270811657909
2.3624868943444386 5.4552612367752085
0.023478535996590333 0.22551615918733414
0.9393640732444922 4.648682489531908
2.5638515928461754 5.816552396672964
0.5377804665921486 0.995542895266337
0.8801231042430209 4.809486665651873
2.1658585580842744 5.036382977297582
0.5294579920962162 0.5492694149773444
0.3466297915468908 4.786041367173645
2.950885522916457 5.741714218333408
0.6257490595619273 0.4423002458112182
0.3182502650913761 4.659052880994821
2.495624828504968 5.383940936669538
0.15552489440055228 0.31008516512756035
0.8770544297727079 4.942150023540037
2.7846897648757847 5.36812608669659
0.5331576211307719 0.7878888173712815
0.540021628798774 4.218463337077668
2.3563054114569093 5.338602781956587
0.3864841667624307 0.8327668746344226
0.9135669444171505 4.055064369523915
2.8114702821049047 5.882723316439286
0.18859159542026283 0.585152805784859
0.36248111700031826 4.874454126897735
2.1610408862038692 5.868846781532513
0.5366871534337085 0.37238656128863223
0.28606703408931733 4.67638972947618
2.184603046779655 5.324815673526857
0.3529426119822311 0.804891227959506
0.08295693547446914 4.79255174848214
2.527509751817422 5.576539059546534
0.39006656314315535 0.7582418227871196
0.6821021968902832 4.50247562335814
2.9997361981312123 5.133592341538256
0.682446405873378 0.3636471939662369
0.42048475894363313 4.99292193325108
2.4894355966218136 5.1010331667847675
0.18215954511569765 0.619635741246997
0.02898194044082658 4.565750056108212
2.793749221748872 5.184278159658925
0.8811128397051333 0.36448055475482544
0.9620998226665348 4.332503782499397
2.3866849019193994 5.60692566470809
0.06363359377887068 0.0006853229893212243
0.9969988847524218 4.886663161947419
2.8246953621061137 5.874648271435964
0.5407834991149169 0.3405506804206372
0.028098764170125468 4.953420947620658
2.944685586368305 5.02902737286847
0.4864765665622196 0.9169893624812456
0.9356105328599265 4.587008449403829
2.8466469867049176 5.072690131730818
0.8711770496326863 0.9879237752467237
0.6109025815416029 4.425677343213816
2.121069510472205 5.836583034074337
0.05305604638457462 0.41392606474304283
0.5870596037921753 4.196201756503424
2.309306683998841 5.0400241701101525
0.9051506908903911 0.12519284907343597
0.9682432403239047 4.508133631077956
2.8607710184442867 5.2382274955490535
0.6357076686176121 0.9905434071219049
0.7639330129841121 4.176497525356161
2.918886877053951 5.945718824539676
0.9844223073059942 0.4894359629412526
0.7090576536183257 4.74606942678453
2.4705540622919964 5.494248243593711
0.05397540507433418 0.990781777205024
0.42820400808833203 4.853868510010916
2.8675563314627466 5.982335852305991
0.2858049745687582 0.19630979466020582
0.2816926285408087 4.507996345778997
2.7303002505496567 5.910271629415517
0.8928168241247079 0.8529217398755564
0.47971127469376507 4.656013189090685
2.611404532573227 5.265589176397554
0.21652412538208865 0.8984012787793821
0.86789283683242 4.919607684040638
2.200678046734307 5.718824273713734
0.08992927983984556 0.4995272381424174
0.7026278017187007 4.122262339579878
2.2175854804763517 5.543253731812711
0.05418921505695906 0.7013551072284125
0.7122241482824401 4.526677832765632
2.5668822836282152 5.452934200267972
0.9437190911588819 0.5040829303525419
0.5704266004788303 4.240043096404973
2.4238347292033513 5.568510506897161
0.3457724168209727 0.09216669443062886
0.6539264491338876 4.102121040948459
2.5093329462054816 5.322590324623776
0.2904032920940961 0.9018633470592187
0.09336144951343239 4.232128107830204
2.7626868003526295 5.148204352440858
0.3085366933348527 0.34748523063439396
0.07846160733930907 4.705015631174417
2.66568107760116 5.517881868958073
0.705344521647205 0.9140168048106769
0.9825728653598256 4.909087517596253
2.6382855587754364 5.688441560971135
0.8436267857358428 0.47098984776653363
0.4017471559644449 4.866346262563458
2.7330083070128195 5.275989178638508
0.18763730759879527 0.39967948078589643
0.874878560676829 4.494666123234823
2.130866609331825 5.356943170701968
0.8969114621890867 0.19474094407109055
0.3589852882308534 4.88055131882369
2.7350707904405027 5.3875104772370035
0.04936895961848753 0.6820537390204812
0.11069414977523584 4.762891974691053
2.6563748151845346 5.129543128476677
0.6782592116104019 0.6714712266619941
0.9718777171472809 4.692002178184103
2.5647744817741853 5.012195693898568
0.496180328646989 0.2826607955035879
0.9778940076507675 4.393360883910149
2.802100502939561 5.740325427960451
0.9342081312575998 0.3905490523751871
0.5241611640377944 4.04306959908317
2.2559952341040885 5.622714412803912
0.8448864039766206 0.6258907846486039
0.8229059709403619 4.908016650468843
2.4647334592354424 5.227014869941104
0.180938283436055 0.7341730157381141
0.1427029574916049 4.300927624053796
2.112188459842058 5.222555098125058
0.2238169326416991 0.7967375793755003
0.19124210172765232 4.491712362282136
2.207448339867976 5.992185273064861
0.05599561834029243 0.4604579745633425
0.3054831778766175 4.836478059533612
2.9754105976807423 5.672540519655269
0.8474378942914267 0.9966413922690512
0.8305105916061789 4.139169183344174
2.3958742942171165 5.545362537814119
0.31745932905402097 0.35325493536128094
0.8021094817610273 4.45733108443108
2.7942473105921763 5.4239487278886624
0.8805212949816345 0.9142489998874513
0.9871962569179593 4.9287804871980905
2.8162420500417373 5.314252561884127
0.8140411616678969 0.823976928583295
0.7473578811332475 4.794995654387366
2.5052335284414764 5.994471769483051
0.709869044762101 0.3551926966018403
0.6676903047616044 4.212258812871599
2.1190993531960123 5.673926446898066
0.5700880125662416 0.8533827470263737
0.8030093188082109 4.543888067041811
2.810655300063412 5.808073140582663
0.6542401427719585 0.5329095498697254
0.4108212853427786 4.404024543122311
2.232211039609515 5.571750976063459
0.6166618244236154 0.0673179716922323
0.28542963135945354 4.6699976490497255
2.664834844636871 5.311357506396367
0.29984203073697513 0.17668418614988457
0.1690593936328496 4.033890378220721
2.0915263636029047 5.070316790006397
0.668682497646956 0.6815739171551846
0.7098879179573545 4.988844730807421
2.7510130068273986 5.704490424760551
0.7228053526449434 0.20653369568561797
0.8012428151294702 4.8038235769434285
2.415626147056475 5.511284305049603
0.5435114109522503 0.7960191916087399
0.31581143111589316 4.718974100313855
2.688007306659801 5.250923519162129
0.42677140283085957 0.1246619821353172
0.6337683717822119 4.557219492296532
2.1154659183779523 5.4039972577448845
0.9607255381530138 0.7155377735229471
0.30389769528988175 4.881156934024268
2.467932125059265 5.041169962899168
0.5866142262462803 0.0652715146003684
0.36627360115792906 4.212845463832292
2.7122542804050194 5.3467514789292485
0.09653411824306968 0.4742629158873698
0.23566465893497512 4.501465128675423
2.8030022330611115 5.525355917573023
0.5958727241078663 0.6522706080282873
0.5449625629953407 4.280847144909071
2.026914496905396 5.370559681010829
0.5756439957465648 0.6416980127492156
0.19410586427684084 4.499881332908206
2.3303665655722847 5.856049005397931
0.533261711829879 0.6929708874083844
0.5532036491620935 4.3829055807157555
2.2118746627741404 5.71781934791529
0.4772913555256144 0.7813139526817059
0.5376869056175974 4.107022227645597
2.2190886333318067 5.9968819205726485
0.5315959873377946 0.8233721368836769
0.1637870287858031 4.333483347985808
2.8054915471150492 5.85582282661354
0.5369357719077996 0.9321762978008173
0.72687465350042 4.629341151297448
2.8604798347092246 5.490032124805791
0.3457751680877027 0.8618802479116596
0.40788192643416266 4.244550984786397
2.1571467987321755 5.495418899510229
0.8593482845624925 0.04690395716360296
0.03095545529775323 4.441172282458644
2.041376836706264 5.673329174893061
0.02303161808273857 0.9952783585533093
0.6209741185757631 4.851473633781383
2.5887913163687606 5.237058342198317
0.3459360722792043 0.057869756353871815
0.9828962571392544 4.989838658642587
2.641800255307336 5.518355623468507
0.9403439227234773 0.015724803010831234
0.7487385918135835 4.964234764890105
2.279931516241475 5.815573644038502
0.31388773859487595 0.6485259654158361
0.1424549678614505 4.290826622072578
2.7011940934751166 5.69486323899232
0.08564524121526662 0.015511759542966796
0.6042815239959037 4.7578599276634845
2.6166087651485 5.239644031081706
0.1595709945956062 0.10526536808678988
0.9716407872520775 4.2445624196279805
2.027599843114462 5.492070948538296
0.24403553070467232 0.6383175848456454
0.9964278745505847 4.906029776269195
2.9789874985733893 5.9014197530146895
0.2333330935153054 0.34337376055132085
0.20150793269148926 4.340054042256635
2.182939983100707 5.350736582394179
0.931302282048264 0.32756131075139294
0.3572510213968054 4.774291387508836
2.384710678402476 5.92312927602186
0.8407393885831893 0.09641307815067968
0.6695062557484653 4.058023849875709
2.3269008349728644 5.526143334486269
0.8978003569714457 0.8352008198014648
0.8152523724480353 4.081543025048504
2.20860654465454 5.633666549116364
0.16746536392146028 0.9999814116264473
0.10372813971688866 4.329473335805391
2.8454029156458387 5.350371755896724
0.9277434806038727 0.8196062441658412
0.04599249266901573 4.66120794251522
2.428650312335943 5.12969565346642
0.2664777961527801 0.8756582338305454
0.14486261160046277 4.870998838333164
2.4749940497738128 5.179723583707432
0.6443547146762013 0.5419463399773866
0.6671295058987625 4.204526127816484
2.0999384908418905 5.688435351837818
0.7867421851882526 0.6067732343573138
0.046270283832857584 4.844031741490652
2.1697536068469527 5.667190959268395
0.12906522045748792 0.7166588672444021
0.6368891499313376 4.218751599532992
2.9311041253747954 5.6051520394621805
0.10965640451018699 0.9456069618311126
0.7065693401835981 4.320710243030356
2.011584478335495 5.085296492555147
0.8526448544273505 0.8954827982476175
0.3292988805484499 4.942167171263141
2.2076032801945917 5.130248748867018
0.5052968273156208 0.18469926407981552
0.017749442617476685 4.225922825122092
2.140998365870028 5.74968855015733
0.7591784728216038 0.954474133115461
0.7624191152149471 4.877154965319161
2.8862974621678688 5.422269031766817
0.6242999707979032 0.6721755958477893
0.8947632195713262 4.742393037899847
2.6793547749361615 5.442069437667247
0.35860010861239056 0.22266054826565762
0.41797406882251875 4.697954837805181
2.2318670310175457 5.652083720646692
0.3993196377058953 0.8140025298491108
0.4478337847674526 4.633705947429565
2.04365005979537 5.377120156242776
0.7570116967841259 0.6936473564403377
0.6292049332287054 4.562773575900626
2.4088679910279067 5.778900502467618
0.736110884763429 0.7213250606833581
0.7804339742495734 4.151552196281986
2.085221919451986 5.616454149519422
0.3694337446141731 0.16606149293401695
0.6278113027654085 4.972522131944804
2.6945149234882466 5.185617768464856
0.26881917232472496 0.05404979293357515
0.23402696410009194 4.5431346377259905
2.9787225173291767 5.422545006391744
0.31881692221548785 0.6423383649917144
0.5322945131075023 4.650246167828369
2.9091733792935948 5.897531514063969
0.1326017776350471 0.29324840374084193
0.6050790810804282 4.520933455336249
2.533837493562058 5.94993400107277
0.8437301853552743 0.1831746451598678
0.625491846095609 4.568527746882786
2.326661049736348 5.6909427835093025
0.3488755048381804 0.7119422551421746
0.2056471385570635 4.068155272729955
2.793632191708701 5.5579279170445135
0.7700817940108039 0.09478749065527292
0.8962679478279909 4.502355197058195
2.011511301661992 5.962945765843575
0.4232592010470786 0.19677096082641488
0.1973927867547577 4.845188225340604
2.69390204051839 5.1178735154664485
0.3594654277960684 0.5106385210447065
0.06969086885621267 4.848165660552807
2.6192936937493814 5.479631786712757
0.455004594501941 0.5816446877218058
0.8950427190364871 4.104997835002999
2.755169719046318 5.664129726387941
0.5462753967261167 0.523988011904483
0.928247015271642 4.417380901272758
2.8984801237533313 5.16335994860099
0.9943905270666721 0.34173622927266334
0.8731304369412657 4.246274299759547
2.7085237939670646 5.217854864861433
0.3022668114635144 0.6388672921082167
0.41920615024999 4.326720513494575
2.216997918928181 5.774035732030084
0.7994350552561673 0.3524033217168461
0.9921793565738507 4.657864040693843
2.9133657885223894 5.217004118815696
0.7096191533550757 0.26863114521020914
0.5279524652706392 4.932044766242164
2.0075287178978565 5.791115875749713
0.8311813048785598 0.9953223068776565
0.06821880128288793 4.29712569544189
2.26221907988285 5.916600443711016
0.10070857320753313 0.2886794324446157
0.5079420326938435 4.44052922605074
2.9746654043358887 5.494148592200668
0.963617724123412 0.5561496098592488
0.32493951413539224 4.778848505184815
2.06901808219755 5.666956963560786
0.5812213464557873 0.9823234216294112
0.4964034001010166 4.68420027253812
2.0497262791286284 5.433893350665337
0.9838667703577777 0.8172849596109456
0.6110881751152186 4.215378292006667
2.2641379979021226 5.196349592669131
0.23298816594857952 0.7629803152407572
0.21870927998763912 4.662512735049219
2.21326453749986 5.789803343578885
0.194743537208921 0.3689551002884335
0.5508702793615636 4.214754505669924
2.958749079698526 5.848043771123158
0.07227116878195827 0.9834432730459046
0.6761369285294543 4.343344518233147
2.5200403802169227 5.444171861509448
0.4105499537355536 0.4936282609054984
0.2717393037734852 4.527087257303894
2.6949846379364213 5.174528167309343
0.4731812319227059 0.8399218723683791
0.9139581456059074 4.463433794406273
2.1937523613250596 5.586326152845278
0.40860862770407036 0.08445610630906442
0.6298422045655536 4.319276704589057
2.840800748596989 5.81940927554131
0.3211776215094554 0.38974935186671233
0.594924544650325 4.388227530939637
2.1467831109199333 5.998061218315724
0.9403966055132802 0.9053748112581805
0.8954689078515361 4.479437759249723
2.404177384412713 5.298144118829041
0.24454552516732098 0.0006063153368636165
0.6925719348518292 4.256447765333545
2.659330767614682 5.299350750817888
0.37190339333614963 0.1011295648158348
0.2490858300047798 4.479713307156597
2.1899480971173295 5.305095413968553
0.7957934952305127 0.9348459843494039
0.0844849920996511 4.485045540869967
2.290459012323131 5.532530090784341
0.42086030452129897 0.17935230886459563
0.9220110558051909 4.628090418457529
2.689129939469629 5.368761795973919
0.8470048226222459 0.01895843003483777
0.17959346553390998 4.586513276937572
2.0134639222954056 5.522132736035274
0.7354795830901462 0.9358211682151693
0.922529901024202 4.454779831263994
2.2224062681590366 5.876509406881102
0.5765518882225179 0.2381214157936834
0.33148364200183267 4.734176899609446
2.6004154717538284 5.522124404111778
0.9642308158891978 0.13095781478280089
0.30592676405198516 4.846594027196599
2.519960430353577 5.358803925474696
0.6935210081641597 0.6436780407942402
0.18711848641125473 4.697850585909409
2.708224287776456 5.789810631952991
0.7002924304110254 0.6487512258787481
0.6116326541112294 4.604041980718823
2.2448860907857706 5.167596283865755
0.3768145739974751 0.6572671150679485
0.6031363245461147 4.346882445619958
2.412273987242389 5.604088182135908
0.9163820587371739 0.654001723488902
0.9062298912184157 4.236912427758592
2.35568158832056 5.350292943190448
0.07575408750593626 0.3411777210361854
0.6747131036720498 4.90105086188042
2.032806133610989 5.764435474292072
0.35870314688382543 0.3993432961553276
0.13246786451401749 4.7023478403418455
2.473035283797725 5.550135297366346
0.9963637108842744 0.012190281765801503
0.41766474570772016 4.850593647878999
2.0268237578195225 5.7001481340985904
0.5464573865599913 0.28293209477696957
0.7452406188621037 4.680101671542711
2.2110081999979094 5.745290869403221
0.6480715043237901 0.8505904271350507
0.1736931165524962 4.2914762543863345
2.5989061151928605 5.28435662356149
0.38541341828696796 0.5472661352575603
0.6478252939637198 4.664271952147954
2.5782532873300488 5.364959504543951
0.4421164910167923 0.9382895997767583
0.6749273517995331 4.692925941063246
2.673254708326311 5.693901065551188
0.5938618829271181 0.8205678419607253
0.952370854387769 4.720879994539272
2.9055740044851537 5.670017707341232
0.5815738336009072 0.15011565870921717
0.8506027324245158 4.37902731837719
2.195156730485575 5.6074592201208375
0.9836615766534841 0.6787448397987801
0.2591878564663864 4.693465506048379
2.873947091880666 5.208783852047018
0.5061276057674833 0.40402477869637277
0.6330822260284996 4.39344878251527
2.06333914854791 5.947969596857858
0.15410599900147137 0.8092368412184595
0.7418661108769614 4.175630978328705
2.7940100977478117 5.734570215603321
0.1867698422507701 0.41815749909715194
0.004725430931034391 4.138057439540458
2.8990230993800186 5.761286320163019
0.28758115196358347 0.4116607340293389
0.057552167257066245 4.605652994518742
2.974420668052347 5.160337804038022
0.6495844104487511 0.03748128049462862
0.9766095219925371 4.159065921048199
2.097265267215382 5.922816318650874
0.20171819780356537 0.6027999015484378
0.7654860671213474 4.850878140927642
2.6892745218086826 5.407813081605709
0.9928261468250331 0.0017919320430894725
0.9770018156081256 4.94882539054345
2.7913698120305854 5.40495463630492
0.5174947497732917 0.36437290167475633
0.8298231475478818 4.031225661501749
2.9578996895938126 5.625103887364013
0.4699668765232926 0.403895272629476
0.2732427330644397 4.867811800642098
2.8649296687995007 5.452444339211656
0.38721263280235807 0.6911706784773557
0.9688228493628327 4.132307346118172
2.750234037383005 5.0524484285776925
0.21713157682494366 0.6602817757276584
0.30963130523077176 4.251741867225559
2.165110817276498 5.00983726943302
0.6989362549979777 0.19959425251043894
0.6856462597149094 4.469888614827005
2.182184345197851 5.7065315380274155
0.7776728566406407 0.6312853844891945
0.8675306026779931 4.63306628135821
2.2796215977378735 5.910744187732041
0.9163571600040556 0.3884045513169976
0.5859491553808229 4.64194737212491
2.4746192848497843 5.417729607890474
0.6037438255061475 0.3802836488470557
0.14516675900498865 4.741697403820865
2.4162582653572136 5.667216297060946
0.21401457945365343 0.6366713983771494
0.3861864062893139 4.14604064075423
2.5680990836430153 5.551332189762936
0.11261006572131171 0.19277874047523325
0.7789019953191667 4.508193744543275
2.669370976601076 5.441678031467581
0.08265578364667336 0.18969770396993912
0.7717207763381446 4.799988464289818
2.6481798519405406 5.578179957315312
0.6767226332834739 0.7685574230118246
0.024107792543394013 4.701457388104488
2.8391077262072724 5.008836529354406
0.2942788832153437 0.6324974348170698
0.25509231483518124 4.04978670882522
2.874571303448496 5.631531251249558
0.8883559129904007 0.4350035659838236
0.02894572188984923 4.925500787171949
2.1543536431155097 5.863475568983954
0.608996882721311 0.3868743604180914
0.02529006275089507 4.703500206611102
2.5803136001477576 5.9859826372343825
0.6597334609578602 0.9383858476683455
0.5474246891052039 4.611020621193251
2.03173831113363 5.432110340327957
0.5205392500835867 0.7241163012906825
0.23230233199287342 4.720533541489626
2.129228943480085 5.948252852031212
0.8050297853157585 0.1624885217218689
0.36712849621319277 4.6810701341905805
2.1574961466460003 5.857775744235211
0.11858738590225815 0.04992860654203124
0.3548112738723087 4.917937730810106
2.71443580024655 5.606020321358095
0.7940511393702825 0.05022397894965358
0.1421541987515258 4.196914427639772
2.567945829790333 5.200415943347516
0.4000575834801774 0.3373637187487044
0.13781569156425322 4.824022344926936
2.277439416758397 5.628093653524843
0.023640073355936653 0.6289504784724809
0.3547394824921831 4.5780271271031925
2.8398545761237224 5.514714177291331
0.39888359542967255 0.822102154323778
0.014646588524878879 4.206959622548944
2.0026504683599216 5.2314569411578145
0.36543829402065386 0.3499045976088212
0.9153408677816965 4.657256575799541
2.5549309226943446 5.623634901605648
0.0477690466784777 0.4939694705955133
0.6194808056016136 4.544049758027623
2.04731615652699 5.188065572109552
0.007127099274089166 0.8223772702726989
0.3070751959533874 4.936282580022319
2.1422128967311265 5.07255958796314
0.08060780713934768 0.8446721995931469
0.9503993067241503 4.950257971677172
2.143260239685269 5.2310072708588695
0.207171846289272 0.23272073331084275
0.4308679784301278 4.190904726634987
2.56212680417582 5.756541195283617
0.22764315212950248 0.8676803162819006
0.0026906000344969483 4.336567643152673
2.3972438595782486 5.536188897868781
0.9140060978476966 0.6220886245359022
0.7619273913031442 4.941077358992678
2.4410595794694876 5.229385046278822
0.37413621094052985 0.4260450573043022
0.08861116388137091 4.1023160091583994
2.5180167370013673 5.855793026596852
0.23481435692218422 0.1950839903711531
0.7561873708926837 4.190658185403903
2.464637466247387 5.195994969490135
0.992122790422166 0.6103522319919119
0.17409487629589016 4.268383469451082
2.3972644521483075 5.825674373423561
0.901634824064963 0.6897854058826305
0.05598210405964521 4.073501597743487
2.2471115669791146 5.1374291296071775
0.6244572850937455 0.058815458612786364
0.4864274567821071 4.300493199286725
2.6899621238605147 5.61888084428475
0.9489022002398315 0.5865281878966598
0.8778267653085512 4.354123632619061
2.190205753588554 5.230303675362766
0.38733544817205146 0.019822592284755247
0.2469484461061594 4.640814480087149
2.3723971920317655 5.402915954430736
0.5255924681038862 0.28817996482840436
0.04203117060773742 4.595715440394621
2.7091589701561074 5.255172500708114
0.2953344913637914 0.2331252474704668
0.675793429704954 4.163755394867057
2.737090664994053 5.823112173390652
0.5868572431981112 0.7263053836087227
0.8119965611148074 4.19203539139753
2.294698365907296 5.3037041536007665
0.8957181701517367 0.9718943927405859
0.18004506964524702 4.125427110928862
2.5221672932541477 5.272381215772279
0.63437931241889 0.027314825678667942
0.16242454200250978 4.980851313285773
2.0764736988532864 5.970004466597245
0.08515899706633978 0.7697385485324704
0.693057409217915 4.563096162106419
2.411089837104419 5.939824054103913
0.710043646071492 0.7792662111274513
0.15447776359209153 4.291468435496176
2.628638938999286 5.608968646174653
0.2500524084496253 0.6617552560679061
0.5674020759832445 4.115766216082923
2.3231505593327886 5.95736438171406
0.40653491895054916 0.17162766050104905
0.40661154891367046 4.112220804424965
2.0780995115461156 5.133775108339626
0.28549428616332506 0.8383182369279845
0.7905899064215172 4.320370083595609
2.802275737801189 5.472641475772232
0.6194458191447854 0.001257911666359468
0.8917986700125823 4.260511423421404
2.16334901598705 5.3523358756752195
0.7823857119519725 0.3044108850461317
0.5111541379666287 4.59442435629167
2.851085256864086 5.746075396795398
0.13326736896089197 0.9682857530714649
0.26234746634966766 4.541586308192528
2.905187346837561 5.3111156286095556
0.27151789297143913 0.6766624831559919
0.34198318193347577 4.060187027524216
2.9874594654264985 5.741527497894902
0.9752460895035943 0.9225281004692991
0.921033613982223 4.111720955977752
2.2239250070541594 5.967571919552
0.6546094974825623 0.9374558735944208
0.44751127559503223 4.225391428992109
2.907903431404767 5.894467072601853
0.8057250689351884 0.8408691314170532
0.7156418785008096 4.889467329460135
2.855031447258219 5.358095009168411
0.05637594062165807 0.022823227513977473
0.056957713091780326 4.782114703031323
2.0747945049414316 5.448782459148502
0.8527891009926539 0.8164803998233789
0.3622429644029943 4.0995961426334935
2.6715573333284857 5.386020344506816
0.7364627603726753 0.5877756177524376
0.16048121521446612 4.784437381553505
2.1314126145772203 5.789665789936041
0.29189211408295956 0.6110305183371506
0.8841222534631472 4.2083384112889375
2.1403894097236806 5.144435732737904
0.34628597821407237 0.3815571953500084
0.6436391442567282 4.942311780310685
2.3039405172852687 5.5393137948621645
0.4529037168640314 0.52825934902579
0.5292573431836473 4.007615928741877
2.6548593329765873 5.925535248329405
0.012946909627540193 0.3494293130098606
0.804517572019599 4.6902163161806945
2.7623839657337625 5.389212621294074
0.15755995139586176 0.9203943194588594
0.8829481310213472 4.879772074244593
2.765512703794912 5.560884816997015
0.559622515455135 0.8441725650849532
0.07460618003648511 4.769629391464383
2.207773016594704 5.289781518055901
0.27495987887641815 0.536125790757024
0.5973259685476628 4.2271797344066036
2.407199498421691 5.150368887121283
